vec1 <- 1:12
arr1 <- array(vec1, dim=c(2,3,2))
arr2 <- array(vec1, dim=c(2,2,3))
arr3 <- array(vec1, dim=c(3,4,1))

arr4 <- array(1:12, dim=c(2,3,2))

arr5 <- array(1:6, dim=c(2,3,2))

arr1
arr2
arr3
arr4
arr5